Женщина-ЗОЖка:
16 4 13 4 6 3
Бодинегативка:
16 3 16 3 7 4
Стерва на стероидах:
12 4 4 0 9 1
Икона без силикона:
15 1 3 0 13 3
Баба-Йога:
6 3 11 1 12 1
Пилатесса:
3 0 4 2 16 1
Афина:
13 0 20 4 12 4
Жрица после шести:
16 1 12 4 11 4
Фитонистка:
3 3 15 0 17 1
Сара Коннорова:
19 1 18 3 18 3
Турничанка:
5 1 12 4 6 0
Богиня бикини:
15 2 11 3 10 2
Мать загонов:
14 3 12 4 11 4
Брусильда:
7 0 12 0 12 0
Амазожница:
4 1 12 0 12 3
Свободная и независтливая:
13 0 9 1 3 3
Валька-валькирия:
17 2 5 4 6 0
Миссис Бицепс:
10 0 6 3 16 2
Багира Ивановна:
6 1 4 4 13 2
Мисс Вселенивая:
17 2 19 0 11 3